0,1,2,3,4
150.5797714740038,64.98467440903187,185.11207003891468,113.92116997763515,0.9956746697425842
